prompt,generated_text,token_count,ttft,tbt,e2e
解释一下神经网络的工作原理。," 神经网络是一种模拟生物神经网络的计算模型。它通过大量的节点（也称为神经元）来模拟生物神经元之间的连接。每个节点可以接收输入数据，并通过加权连接将其传递到其他节点。这些连接的权重决定了输入数据对输出的影响程度。

神经网络通常由多层组成，包括输入层、隐藏层和输出层。输入层接收原始数据，隐藏层处理这些数据并提取特征，输出层给出最终的预测",100,84.20157432556152,66.46844112511837,6664.57724571228
解释一下什么是机器学习。," 机器学习是一种人工智能技术，它使计算机能够在没有明确编程的情况下从数据中自动学习和改进。通过机器学习，计算机可以识别模式、识别数据中的关系，并根据这些信息做出预测和决策。

在机器学习中，数据集被用来训练模型，这些模型能够从数据中提取有用的信息。训练过程涉及选择一个适当的算法，该算法能够将数据映射到一个适当的输出。然后，通过不断调整模型的参数，使模型能够更好地",100,72.3724365234375,66.56931867503157,6662.7349853515625
解释一下神经网络的工作原理。," 神经网络是一种人工构建的计算模型，用于模拟人脑神经元之间的相互连接和通信机制。其工作原理基于模拟大脑的结构和功能，通过一系列的节点（神经元）和连接（突触）来处理信息。神经网络通常由输入层、隐藏层和输出层组成。

神经网络的工作过程大致如下：

1. 输入：输入层接收输入数据，例如图像、文本或数值等。每个输入值通常对应一个神经",100,72.09563255310059,66.57154391510318,6662.678480148315
什么是深度学习？,深度学习是什么意思？ 深度学习是机器学习的一种，它模仿人脑神经网络的结构和功能，通过构建多层神经网络模型，从大量数据中自动提取特征，进行学习和预测。深度学习能够自动识别图像、声音、文本等复杂数据中的模式，广泛应用于图像识别、语音识别、自然语言处理、推荐系统等领域。深度学习的优势在于能够自动提取特征，减少人工特征工程的工作量，并且能够处理大规模数据,100,71.8545913696289,66.57551514981974,6662.830591201782
什么是自然语言处理？,"自然语言处理如何实现？
自然语言处理（Natural Language Processing，NLP）是人工智能领域的一个分支，它研究计算机如何理解、生成、处理人类的自然语言。自然语言处理的目标是让计算机能够像人类一样理解自然语言，以便更好地与人类交流和交互。

自然语言处理可以通过以下几种方式实现：

1. 语言建模：通过建立语言模型来预测给定上下文中的下一个词语，例如基于概率的统计语言模型（如N",100,72.18813896179199,66.79630761194711,6685.022592544556
常见的排序算法有哪些？,"它们各自的优缺点是什么？
常见的排序算法包括冒泡排序、选择排序、插入排序、希尔排序、归并排序、快速排序、堆排序、计数排序、桶排序和基数排序。它们各自的优缺点如下：

1. 冒泡排序
优点：实现简单
缺点：效率较低，时间复杂度为O(n^2)

2. 选择排序
优点：实现简单
缺点：效率较低，时间复杂度为O(n^2)

",100,72.7238655090332,66.81632513951773,6687.540054321289
如何提高编程效率？," 以下是提高编程效率的几个建议：

1. 制定计划：在开始编程之前，制定一个明确的计划，包括要完成的任务、时间表和目标。这可以帮助您保持专注，并避免在不必要的任务上浪费时间。

2. 熟悉工具：熟悉您使用的开发工具和编程语言，以便更快地完成任务。这可以包括学习快捷键、插件和库等。

3. 使用版本控制系统：使用版本控制系统（如Git）",100,72.39246368408203,66.81970634845773,6687.5433921813965
对比分析Transformer、RNN、CNN三种深度学习架构在自然语言处理任务中的优缺点，分别从并行性、长程依赖处理、计算复杂度、训练难度等多个维度进行对比，每个维度不少于80字说明。," 一、并行性
1. Transformer：在计算过程中可同时进行多个操作，具有优秀的并行性，适合大规模并行计算的环境。RNN：计算过程中需要依次进行，不能并行，这使得在处理大规模数据集时效率较低。CNN：在卷积运算中可以实现并行计算，但是由于需要多次卷积操作，整体的并行性并不强。
2. Transformer：在处理长文本时，可以将文本",100,72.81637191772461,66.81945829680471,6687.942743301392
什么是自然语言处理？,"自然语言处理是计算机科学领域与人工智能领域中的一个重要方向。它研究计算机如何理解、解释和生成人类的自然语言。自然语言处理任务包括语音识别、机器翻译、文本生成、情感分析、信息抽取等。自然语言处理的目标是使计算机能够理解、生成、处理人类的自然语言，以便更好地与人类进行交流和交互。

自然语言处理技术广泛应用于各种场景，例如智能客服、智能翻译、智能写作、语音助手等。通过",100,72.69787788391113,66.8148970363116,6687.37268447876
如何提高编程效率？, 1. 学习并熟练掌握常用编程工具和框架，提高代码编写速度和质量；2. 遵循良好的编程规范和代码风格，提高代码的可读性和可维护性；3. 善用调试工具，及时发现和解决问题，减少重复工作；4. 多做项目实践，积累经验，提高解决问题的能力；5. 学会使用版本控制工具，方便代码管理与协作；6. 制定合理的,100,72.36123085021973,66.82020726830068,6687.561750411987
请描述大语言模型的训练过程，从数据预处理、模型架构设计、分布式训练策略、到微调对齐的完整流程，每个步骤说明关键技术和挑战，不少于400字。," 大语言模型的训练过程是一个复杂而精细的工程，涵盖了从数据预处理到模型优化的多个阶段。以下是这一过程的关键步骤及其挑战：

1. 数据预处理：这一步骤至关重要，因为高质量的训练数据能够显著提高模型的性能。数据预处理包括清理、标准化、去重、分词、标注等。常见技术包括文本清洗、去除停用词、词干提取、词形还原、词性标注等。挑战在于",100,72.42035865783691,66.82812565504902,6688.40479850769
什么是深度学习？,"与传统机器学习相比，它有什么优势和劣势？ 深度学习是一种机器学习的方法，它受到大脑神经网络的启发，使用多层人工神经网络来模拟和学习数据中的复杂模式。这种方法能够自动地从输入数据中学习和提取特征，而无需手动设计特征。

与传统机器学习相比，深度学习的主要优势在于它能够自动地从原始数据中提取特征，从而减少了人为特征工程的工作量。此外，深度学习模型通常",100,71.83980941772461,66.81800611091383,6686.822414398193
什么是大语言模型？,大语言模型是指能够理解和生成自然语言的AI系统。它们通常基于深度学习技术，训练大量文本数据以学习语言的结构和规律。大语言模型具有广泛的应用，例如自然语言生成、机器翻译、情感分析等。大语言模型的性能通常取决于其规模和训练数据的质量。大规模的语言模型通常包含数以亿计的参数，并且需要大量的计算资源进行训练。这些模型能够理解和生成复杂的文本，对于各种自然语言处理任务具有,100,72.36886024475098,66.81853352171002,6687.403678894043
什么是大语言模型？,大语言模型（Large Language Model）是指能够处理和生成人类自然语言的大规模机器学习模型。这些模型通常包含数以亿计甚至数十亿个参数，通过深度学习技术训练而成，能够理解并生成复杂的句子和段落。大语言模型能够完成各种自然语言处理任务，例如文本生成、语言翻译、情感分析、问答系统等。这些模型通常基于深度神经网络架构，如Transformer，能够捕捉语言中的语义和上下文关系,100,72.4344253540039,66.84133500763865,6689.7265911102295
介绍一下人工智能的应用场景。," 人工智能的应用场景非常广泛，涵盖了各个行业和领域。以下是一些典型的应用场景：

1. 语音识别和语音助手：语音识别技术可以让计算机理解人类语言，而语音助手则可以实现语音交互，提供服务，如语音搜索、提醒、控制智能家居设备等。

2. 自动驾驶：人工智能技术可以应用于自动驾驶汽车中，通过传感器和摄像头获取路况信息，利用算法进行决策和控制，实现自动驾驶。

3. 图像识别：",100,72.27659225463867,66.82137768677991,6687.59298324585
请详细分析大语言模型推理过程中的性能瓶颈，包括显存带宽、计算能力、内存访问等各个方面的影响因素，并给出具体的优化建议。要求分点说明，每个点不少于100字。," 大语言模型在推理过程中可能会遇到多个性能瓶颈，这些瓶颈主要集中在显存带宽、计算能力、内存访问等多个方面。下面将详细分析这些瓶颈，并给出具体的优化建议。

### 1. 显存带宽

显存带宽是指显存与处理器之间的数据传输速率，对模型推理性能的影响非常大。带宽不足会导致模型参数频繁地在显存和处理器之间来回传输，从而导致性能下降。

- **优化建议",100,71.61092758178711,66.82876625446359,6687.658786773682
请详细分析大语言模型推理过程中的性能瓶颈，包括显存带宽、计算能力、内存访问等各个方面的影响因素，并给出具体的优化建议。要求分点说明，每个点不少于100字。," 大语言模型推理过程中的性能瓶颈可以从多个方面进行分析，主要包括显存带宽、计算能力、内存访问等方面。下面对每个方面进行详细分析，并给出具体的优化建议。

1. 显存带宽：显存带宽是决定大语言模型推理速度的一个关键因素。显存带宽决定了模型在计算过程中可以获取的数据量，进而影响了模型的计算速度。显存带宽不足会导致数据加载速度慢，影响模型推理",100,72.84927368164062,66.81818673104951,6687.849760055542
常见的排序算法有哪些？,"并简述它们的特点。 常见的排序算法包括冒泡排序、选择排序、插入排序、快速排序、归并排序、堆排序等。以下是它们的特点：

1. 冒泡排序：通过比较相邻元素，如果顺序错误则交换，逐步将较大的元素“冒”到末尾。时间复杂度为O(n^2)，空间复杂度为O(1)。优点是简单易懂，缺点是效率低下，适用于小规模",100,72.27039337158203,66.82021208483764,6687.471389770508
常见的排序算法有哪些？,"它们的特点是什么？

常见的排序算法包括冒泡排序、选择排序、插入排序、快速排序、归并排序、堆排序等。这些算法的特点如下：

1. 冒泡排序：时间复杂度为O(n^2)，空间复杂度为O(1)，适合小数据量的排序。算法通过比较相邻的元素，如果顺序错误则交换，重复这个过程直到排序完成。

2. 选择排序：时间复杂度为O(n^2)，",100,72.08847999572754,66.82492988278167,6687.756538391113
介绍一下人工智能的应用场景。," 人工智能的应用场景非常广泛，涉及到各行各业。以下是一些常见的应用场景：

1. 语音识别：将语音转化为文本，应用于语音助手、智能家居等场景。
2. 图像识别：识别图片中的物体、人脸等信息，应用于安防监控、医疗影像分析等场景。
3. 自然语言处理：理解自然语言，应用于聊天机器人、智能客服等场景。
4. 推荐系统：根据用户的历史行为和兴趣，为其推荐个性化的内容，应用于",100,72.34501838684082,66.8204143793896,6687.566041946411
请描述大语言模型的训练过程，从数据预处理、模型架构设计、分布式训练策略、到微调对齐的完整流程，每个步骤说明关键技术和挑战，不少于400字。," 大语言模型的训练过程是一个复杂且多步骤的过程，涉及到数据预处理、模型架构设计、分布式训练策略、微调对齐等多个方面。以下是每个步骤的关键技术和挑战：

1. 数据预处理：数据预处理是整个训练过程的第一步，其目标是将原始文本数据转换为模型可以理解的形式。关键步骤包括分词、去除停用词、词干提取等。挑战在于如何选择合适的预处理方法，以确保模型能够",100,72.61896133422852,66.8185262969046,6687.653064727783
什么是自然语言处理？,"它是如何工作的？
自然语言处理（Natural Language Processing，NLP）是指计算机系统对人类自然语言进行理解和生成的技术。NLP 的目标是使计算机能够理解、解释、生成自然语言，并与人类进行交互。NLP 技术涉及多个领域，包括计算机科学、人工智能、语言学、心理学等。

自然语言处理的工作原理可以分为以下几个步骤：

1. 数据预处理：对原始文本进行清洗、分词、词干还原等处理，",100,71.76518440246582,66.82332356770833,6687.274217605591
分析当前大语言模型推理部署面临的主要挑战，包括低延迟需求、高吞吐需求、显存限制、成本控制等方面，以及对应的解决方案，分点说明不少于5点。," 当前大语言模型推理部署面临的主要挑战主要包括低延迟需求、高吞吐需求、显存限制、成本控制等。以下是针对这些挑战的分析及对应的解决方案：

1. 低延迟需求：大模型推理过程需要快速响应用户输入，减少延迟对于用户体验至关重要。然而，为了提高模型的准确性，需要对模型进行复杂的计算，这会导致延迟增加。为解决这一问题，可以采用模型量化和剪枝技术，降低模型的计算复杂",100,71.78950309753418,66.82970547916914,6687.930345535278
请详细分析大语言模型推理过程中的性能瓶颈，包括显存带宽、计算能力、内存访问等各个方面的影响因素，并给出具体的优化建议。要求分点说明，每个点不少于100字。," 大语言模型推理过程中的性能瓶颈主要包括显存带宽、计算能力、内存访问等方面的影响因素。以下是详细的分析和优化建议：

1. 显存带宽：显存带宽是决定模型推理速度的关键因素之一。模型的推理过程需要频繁地从显存读取权重、从显存读取激活值、向显存写入激活值，这些操作都会消耗大量的带宽。显存带宽不足会限制模型的推理",100,72.54791259765625,66.8215269994254,6687.8790855407715
如何提高编程效率？," 1. 保持代码整洁、可读性强，遵守编码规范；
2. 使用自动化工具，如代码格式化工具、单元测试框架等；
3. 选择合适的开发环境和工具，如IDE、版本控制系统等；
4. 学习和使用常用的编程库和框架，提高开发效率；
5. 优化代码性能，减少不必要的计算和资源消耗；
6. 善于利用搜索引擎和文档，减少重复劳动；
7. 与",100,72.05843925476074,66.82069855506974,6687.307596206665
详细解释vLLM的PagedAttention技术的工作原理，包括它是如何解决传统Transformer推理中KV缓存内存浪费问题的，以及它的实现机制和性能优势，要求不少于300字。," vLLM的PagedAttention技术是一种创新的注意力机制，旨在解决传统Transformer模型在推理过程中KV缓存内存浪费的问题。在传统的Transformer模型中，为了进行多轮推理，需要将所有的历史上下文都存储在KV缓存中，这导致了内存的大量浪费。PagedAttention通过将注意力机制分解为多个小的注意力块，每一轮只关注一小部分历史上下文，从而有效地解决了这个问题。

PagedAttention技术的工作原理如下",100,72.00932502746582,66.82721051302823,6687.903165817261
对比分析Transformer、RNN、CNN三种深度学习架构在自然语言处理任务中的优缺点，分别从并行性、长程依赖处理、计算复杂度、训练难度等多个维度进行对比，每个维度不少于80字说明。," 一、并行性：
Transformer在并行性方面表现最佳，其自注意力机制能够同时处理序列中的所有元素，因此可以实现完全的并行化，极大提高了模型的效率。相比之下，RNN和CNN的计算过程具有串行性，只能逐个处理序列中的元素，因此无法实现并行化。而CNN虽然可以实现一定程度的并行化，但由于卷积核的滑动窗口机制，其并行性受到限制。

",100,72.18456268310547,66.82187379008592,6687.550067901611
请详细分析大语言模型推理过程中的性能瓶颈，包括显存带宽、计算能力、内存访问等各个方面的影响因素，并给出具体的优化建议。要求分点说明，每个点不少于100字。," 大语言模型推理过程中的性能瓶颈主要涉及显存带宽、计算能力、内存访问等多个方面。以下是详细的分析和优化建议。

1. 显存带宽：显存带宽直接影响模型推理的效率。显存带宽较低时，数据传输速度较慢，导致计算时间增加。因此，需要优化显存带宽，提升数据传输速度。可以通过增加显存容量、提高显存频率或使用高速网络传输数据来优化显",100,72.45540618896484,66.82458309212116,6688.08913230896
详细解释vLLM的PagedAttention技术的工作原理，包括它是如何解决传统Transformer推理中KV缓存内存浪费问题的，以及它的实现机制和性能优势，要求不少于300字。, vLLM的PagedAttention技术是一种优化的注意力机制实现方式，它旨在减少在Transformer模型中进行推理时的内存消耗，特别是解决了KV缓存内存浪费的问题。在传统的Transformer模型中，为了进行多轮推理（例如，在对话系统中），会将每次推理产生的注意力权重和隐藏状态缓存起来，以供后续推理使用。然而，这种方法会导致大量的内存浪费，因为每次推理都会创建新的KV缓存，而这些缓存中,100,72.47424125671387,66.82247344893638,6687.899112701416
分析当前大语言模型推理部署面临的主要挑战，包括低延迟需求、高吞吐需求、显存限制、成本控制等方面，以及对应的解决方案，分点说明不少于5点。," 当前大语言模型推理部署面临的挑战主要包括低延迟需求、高吞吐需求、显存限制、成本控制等。以下将针对这些挑战提出具体的解决方案。

1. 低延迟需求

挑战：在实时交互场景中，需要保证快速响应，降低延迟时间。然而，大语言模型推理过程中涉及大量计算，导致延迟增加，影响用户体验。

解决方案：采用模型量化技术，通过减少参数量和降低精度来压缩模型大小，从而减少推理",100,72.21794128417969,66.82249753162114,6687.645196914673
如何提高编程效率？," 提高编程效率需要考虑多个方面，包括工具、方法、团队协作等。以下是一些建议，希望能帮助您提高编程效率：

1. 选择合适的工具：使用适合您需求的开发工具、框架和库，可以提高开发速度和效率。确保您熟悉并能熟练使用这些工具。

2. 代码规范和风格：遵循一致的代码规范和风格，有助于提高代码的可读性和可维护性。可以使用代码检查工具来",100,72.1445083618164,66.84135427378645,6689.438581466675
详细解释vLLM的PagedAttention技术的工作原理，包括它是如何解决传统Transformer推理中KV缓存内存浪费问题的，以及它的实现机制和性能优势，要求不少于300字。," vLLM的PagedAttention技术是一种针对Transformer模型推理过程中内存消耗问题的优化方法，特别适用于需要大量内存的注意力机制计算。传统Transformer模型在进行推理时，需要将所有历史的键值对（Key-Value pairs）缓存起来，以便在后续的注意力计算中使用。这种做法虽然保证了模型的完整性和准确性，但同时也导致了大量的内存浪费，特别是在处理长序列或高维度特征时。

PagedAttention技术通过将",100,76.0185718536377,66.78495262608384,6687.7288818359375
什么是大语言模型？,"大语言模型是什么时候开始出现的？ 大语言模型是指能够理解和生成自然语言的大规模机器学习模型。这些模型通常基于神经网络，能够处理和理解大量的文本数据，并能够生成连贯且符合语境的文本。它们通常包含数十亿甚至数千亿个参数，能够捕捉到语言的复杂性和多样性。

大语言模型并不是突然出现的。它们的发展可以追溯到20世纪80年代和90年代，当时研究人员开始探索如何",100,72.42178916931152,66.81679956840746,6687.28494644165
如何提高编程效率？, 1. 代码重用：通过编写可重用的模块、函数或类，可以减少重复工作，提高开发效率。 2. 使用合适的开发工具：选择适合的编辑器、IDE等工具，提高开发效率。 3. 代码审查：进行代码审查，及时发现和解决问题，提高代码质量。 4. 代码重构：通过重构代码，使其更简洁、更易于维护，提高代码质量。 5. 自动化,100,72.23820686340332,66.8197689634381,6687.395334243774
请详细分析大语言模型推理过程中的性能瓶颈，包括显存带宽、计算能力、内存访问等各个方面的影响因素，并给出具体的优化建议。要求分点说明，每个点不少于100字。," 大语言模型在推理过程中，其性能瓶颈主要体现在以下几个方面：

1. **显存带宽**：大模型通常需要处理大量的参数和数据，这需要大量的显存带宽。显存带宽不足将导致模型的推理速度变慢。显存带宽受显卡架构、显存类型、显卡数量等因素影响。优化显存带宽的方法主要有：采用更高速的显存技术，如GDDR6、HBM2",100,72.65615463256836,66.82311886488789,6688.14492225647
什么是自然语言处理？," 
自然语言处理（Natural Language Processing，简称NLP）是人工智能和语言学领域的一个分支，致力于使计算机能够理解、解释和生成人类自然语言。它的目标是开发算法和模型，以处理和生成自然语言文本，从而实现人机交互。NLP技术可以应用于各种场景，如机器翻译、情感分析、信息提取、文本生成等。NLP技术通常结合了语言学、计算机科学、统计学和人工智能等领域的知识。自然",100,77.93307304382324,66.7618645562066,6687.357664108276
详细解释vLLM的PagedAttention技术的工作原理，包括它是如何解决传统Transformer推理中KV缓存内存浪费问题的，以及它的实现机制和性能优势，要求不少于300字。, vLLM（Very Large Language Model）的PagedAttention技术是为了解决大规模Transformer模型在推理过程中KV缓存内存浪费问题的一种创新方法。在传统的Transformer模型中，为了进行并行解码，通常会使用KV缓存来存储解码过程中产生的关键值对，但这种方法存在严重的内存浪费问题，尤其是在长序列和大模型的场景中。PagedAttention技术通过将注意力机制划分为多个小块（page），并在每个解,100,72.7238655090332,66.82381003794043,6688.281059265137
如何提高编程效率？,"提高编程效率的方法有很多，以下是一些常见的建议：

1. 选择适合自己的编程语言和开发工具：根据自己的需求和项目特点选择合适的编程语言和开发工具，可以提高开发效率。

2. 代码规范和注释：编写清晰、规范的代码，遵循一定的代码风格和规范，可以提高代码的可读性和可维护性。同时，在代码中添加注释，可以帮助其他开发者更好地理解代码的功能和实现方式。

3. 利",100,72.93224334716797,66.81253452493686,6687.373161315918
介绍一下人工智能的应用场景。," 人工智能的应用场景非常广泛，几乎涵盖了我们生活的各个方面。以下是一些典型的应用场景：

1. 语音助手：例如苹果的Siri、亚马逊的Alexa和谷歌助手等，可以回答问题、提供信息、控制智能家居设备等。

2. 聊天机器人：用于客户服务、在线支持、情感分析等领域，可以自动回复常见问题、提供个性化建议等。

3. 推荐系统：通过分析用户的历史行为和偏好，为用户推荐",100,72.88527488708496,66.81405414234509,6687.476634979248
详细解释vLLM的PagedAttention技术的工作原理，包括它是如何解决传统Transformer推理中KV缓存内存浪费问题的，以及它的实现机制和性能优势，要求不少于300字。," vLLM（Very Large Language Model）的PagedAttention技术是一种用于高效处理大型语言模型推理的新技术，它旨在解决传统Transformer模型在推理过程中KV缓存（即键-值缓存）占用大量内存的问题。传统Transformer模型在进行自回归推理时，需要为每个时间步保存所有历史时间步的键-值对，这导致了巨大的内存消耗。PagedAttention通过引入一个分页机制，来解决这个问题。

在Paged",100,73.49538803100586,66.81618786821461,6688.297986984253
请描述大语言模型的训练过程，从数据预处理、模型架构设计、分布式训练策略、到微调对齐的完整流程，每个步骤说明关键技术和挑战，不少于400字。," 大语言模型的训练过程涉及多个关键步骤，从数据预处理到微调对齐，每个步骤都有其独特的技术和挑战。

1. 数据预处理：数据预处理是整个训练过程的起点，其主要任务是将原始文本数据转换为模型能够理解的形式。这个过程包括数据清洗、分词、去除停用词、词干提取等。常见的数据来源包括网络文本、书籍、新闻等。挑战在于数据量庞大，需要进行",100,73.06218147277832,66.81608431267016,6687.854528427124
常见的排序算法有哪些？,"其中哪种排序算法的稳定性最好？ 常见的排序算法包括冒泡排序、选择排序、插入排序、希尔排序、归并排序、快速排序、堆排序等。其中归并排序的稳定性最好。

1. 冒泡排序：通过多次遍历数组，比较相邻元素并交换它们的位置，如果当前元素比下一个元素大，则交换。该算法简单，但效率较低，时间复杂度为O(n^2)。
2. ",100,72.68834114074707,66.80818519206962,6686.69867515564
如何提高编程效率？," 提高编程效率的方法有很多，以下是一些常见的方法：

1. 使用高效的编程工具：使用高效、易用的开发工具和编辑器可以大大提高开发效率。例如，使用IDE（集成开发环境）可以节省编写代码的时间，使用版本控制工具可以方便地管理和追踪代码的更改。

2. 保持代码整洁：编写清晰、简洁、易于理解的代码可以提高代码的可读性和可维护性，减少调试和维护的时间。遵循良好的代码",100,72.39294052124023,66.81717525828968,6687.293291091919
请描述大语言模型的训练过程，从数据预处理、模型架构设计、分布式训练策略、到微调对齐的完整流程，每个步骤说明关键技术和挑战，不少于400字。," 大语言模型的训练过程是一个复杂而精细的过程，涉及多个关键步骤和技术挑战。以下是该过程的概述：

1. 数据预处理：首先，收集大量的文本数据，包括书籍、新闻、论坛、社交媒体等。数据预处理包括清洗、标注、去重等。关键挑战在于如何获取高质量、多样化的数据源，以及如何处理数据中的噪声和异常值。

2. 模型架构设计：选择合适的神经网络结构，如Transformer、",100,72.86548614501953,66.8177002608174,6687.817811965942
什么是自然语言处理？,"自然语言处理的主要任务是什么？
自然语言处理（Natural Language Processing，简称NLP）是人工智能和语言学领域的一个分支，它研究计算机如何理解、解释和生成人类自然语言的能力。自然语言处理涉及计算机科学、人工智能、语言学等多个学科的知识和技术。

自然语言处理的主要任务包括：

1. 语言理解和生成：将自然语言文本转换为计算机可以理解和处理的形式（如语义表示），或将计算机生成的信息转换为自然语言文本。
2",100,72.23677635192871,66.8196991236523,6687.386989593506
什么是云计算？,"它有哪些优势？
云计算是指通过互联网将计算资源（包括服务器、存储、数据库、网络等）以按需分配的方式提供给用户的一种服务模式。用户可以通过云计算平台获得所需的计算资源，并根据实际需求进行弹性伸缩，而无需自行购买、部署和维护硬件设备。

云计算的优势主要有以下几点：

1. 低成本：用户只需要支付使用云计算资源的费用，而无需承担硬件设备的采购、维护和更新等成本。
2. 高",100,72.33476638793945,66.81529199234163,6687.048673629761
对比分析Transformer、RNN、CNN三种深度学习架构在自然语言处理任务中的优缺点，分别从并行性、长程依赖处理、计算复杂度、训练难度等多个维度进行对比，每个维度不少于80字说明。, 1. 并行性：Transformer架构中的自注意力机制能够使模型在处理输入序列时能够并行计算，大大提高了模型的效率。而RNN和CNN则需要按照序列输入的顺序进行计算，不能进行并行计算。这使得RNN和CNN在处理大量数据时效率低下。2. 长程依赖处理：Transformer通过自注意力机制能够捕捉到输入序列中的长程依赖关系，而RNN在处理长程,100,72.4189281463623,66.820573325109,6687.655687332153
什么是自然语言处理？,"自然语言处理如何帮助我们理解和生成人类语言？
自然语言处理（Natural Language Processing，NLP）是一种计算机科学和人工智能技术，旨在使计算机能够理解、解释和生成人类语言。NLP通过使用算法、统计模型和机器学习技术来处理和分析大量的文本数据，以帮助计算机更好地理解和生成人类语言。

自然语言处理通过以下几种方式帮助我们理解和生成人类语言：

1. 词法分析（Tokenization）：将文本分解成有意义",100,72.92819023132324,66.81009254070243,6687.127351760864
什么是自然语言处理？,"它有哪些应用？

自然语言处理（Natural Language Processing，简称NLP）是人工智能领域的一个分支，它研究计算机如何理解、解释和生成人类语言。NLP旨在使计算机能够理解人类的自然语言，以便进行有效的交流和信息处理。其主要任务包括词法分析、句法分析、语义分析、篇章分析、情感分析等。

自然语言处理的应用非常广泛，以下是一些常见的应用：

1. 机器翻译：将一种语言的",100,72.64566421508789,66.81361342921402,6687.193393707275
Python和Java的区别是什么？," Python和Java都是广泛使用的编程语言，它们在语法、应用场景、性能等方面都有所不同。

1. 语法：
Python 的语法相对简单，易于学习，它使用缩进来表示代码块，这使得代码更具可读性。而 Java 的语法比较复杂，它使用大括号（{}）来表示代码块，需要更多的代码来实现相同的功能。

2. 性能：
Python 是一种解释型语言，执行速度相对较慢。而 Java 是",100,72.83830642700195,66.81269347065627,6687.294960021973
